Wed, Apr 20, 2022
1:26:05 PM

Temperature (K)	B-Field (Gauss)	sample current AB	sample current AD	sample current AC	sample current BD	sample current -AB	sample current -AD	sample current -AC	sample current -BD	Voltage CD	Voltage BC	Voltage BD	Voltage AC	Voltage -CD	Voltage -BC	Voltage -BD	Voltage -AC	
94.7800000	3069.0000000	0.0005400	0.0005400	0.0005400	0.0005400	-0.0005400	-0.0005400	-0.0005400	-0.0005400	-0.1195061	0.1508145	0.3708422	0.3254491	-0.1193709	-0.1528673	-0.3732568	-0.3248828
95.4250000	122.6699982	0.0005400	0.0005400	0.0005400	0.0005400	-0.0005400	-0.0005400	-0.0005400	-0.0005400	0.0846345	0.1005062	0.0197823	-0.0110195	-0.0864243	-0.1026541	-0.0205808	0.0117103
96.6400000	-2874.0000000	0.0005400	0.0005400	0.0005400	0.0005400	-0.0005400	-0.0005400	-0.0005400	-0.0005400	0.1245533	0.1392164	-0.3233694	-0.3701593	-0.1265401	-0.1419817	0.3230334	0.3732272
98.1850000	3073.0000000	0.0005400	0.0005400	0.0005400	0.0005400	-0.0005400	-0.0005400	-0.0005400	-0.0005400	0.1249776	0.1594443	0.3738021	0.3252504	-0.1269447	-0.1624898	-0.3765257	-0.3245936
99.4600000	122.6100006	0.0005400	0.0005400	0.0005400	0.0005400	-0.0005400	-0.0005400	-0.0005400	-0.0005400	0.0919445	0.1092158	0.0211996	-0.0123393	-0.0938257	-0.1115101	-0.0220235	0.0131042
100.8050000	-2874.0000000	0.0005400	0.0005400	0.0005400	0.0005400	-0.0005400	-0.0005400	-0.0005400	-0.0005400	0.1339437	0.1502982	-0.3230196	-0.3732417	-0.1359938	-0.1532155	0.3227461	0.3765754
102.3400000	3072.0000000	0.0005400	0.0005400	0.0005400	0.0005400	-0.0005400	-0.0005400	-0.0005400	-0.0005400	0.1346121	0.1708225	0.3769112	0.3249173	-0.1365678	-0.1741575	-0.3799590	-0.3242107
103.6050000	122.6900024	0.0005400	0.0005400	0.0005400	0.0005400	-0.0005400	-0.0005400	-0.0005400	-0.0005400	0.1001044	0.1186244	0.0225154	-0.0135353	-0.1019947	-0.1210781	-0.0234508	0.0144728
104.9600000	-2873.0000000	0.0005400	0.0005400	0.0005400	0.0005400	-0.0005400	-0.0005400	-0.0005400	-0.0005400	0.1438587	0.1619445	-0.3226527	-0.3764016	-0.1459676	-0.1650571	0.3224368	0.3801001
106.5000000	3073.0000000	0.0005400	0.0005400	0.0005400	0.0005400	-0.0005400	-0.0005400	-0.0005400	-0.0005400	0.1448270	0.1828995	0.3802822	0.3245910	-0.1467672	-0.1866021	-0.3837447	-0.3238160
107.8100000	122.5400009	0.0005400	0.0005400	0.0005400	0.0005400	-0.0005400	-0.0005400	-0.0005400	-0.0005400	0.1089614	0.1289746	0.0240672	-0.0150171	-0.1108674	-0.1316665	-0.0251603	0.0161894
109.0750000	-2873.0000000	0.0005400	0.0005400	0.0005400	0.0005400	-0.0005400	-0.0005400	-0.0005400	-0.0005400	0.1542311	0.1741689	-0.3223881	-0.3799078	-0.1564042	-0.1775445	0.3221620	0.3840249
110.7000000	3072.0000000	0.0005400	0.0005400	0.0005400	0.0005400	-0.0005400	-0.0005400	-0.0005400	-0.0005400	0.1556925	0.1957327	0.3838167	0.3242585	-0.1576018	-0.1998021	-0.3877257	-0.3234037
112.0850000	122.5199966	0.0005400	0.0005400	0.0005400	0.0005400	-0.0005400	-0.0005400	-0.0005400	-0.0005400	0.1184925	0.1402080	0.0258116	-0.0166845	-0.1204357	-0.1431554	-0.0270711	0.0180413
113.3450000	-2872.0000000	0.0005400	0.0005400	0.0005400	0.0005400	-0.0005400	-0.0005400	-0.0005400	-0.0005400	0.1655082	0.1874533	-0.3221160	-0.3837191	-0.1677254	-0.1911240	0.3218000	0.3882652
114.9100000	3073.0000000	0.0005400	0.0005400	0.0005400	0.0005400	-0.0005400	-0.0005400	-0.0005400	-0.0005400	0.1669089	0.2090665	0.3875214	0.3239763	-0.1688542	-0.2135103	-0.3918946	-0.3230239
116.1950000	122.6100006	0.0005400	0.0005400	0.0005400	0.0005400	-0.0005400	-0.0005400	-0.0005400	-0.0005400	0.1281684	0.1516374	0.0275546	-0.0183734	-0.1301658	-0.1548425	-0.0290008	0.0199168
117.4300000	-2874.0000000	0.0005400	0.0005400	0.0005400	0.0005400	-0.0005400	-0.0005400	-0.0005400	-0.0005400	0.1768015	0.2007806	-0.3219072	-0.3876425	-0.1791068	-0.2048389	0.3214889	0.3926531
119.1050000	3073.0000000	0.0005400	0.0005400	0.0005400	0.0005400	-0.0005400	-0.0005400	-0.0005400	-0.0005400	0.1786574	0.2230786	0.3915732	0.3237464	-0.1806884	-0.2279505	-0.3963902	-0.3226397
120.3750000	122.7500000	0.0005400	0.0005400	0.0005400	0.0005400	-0.0005400	-0.0005400	-0.0005400	-0.0005400	0.1386826	0.1641036	0.0295225	-0.0202227	-0.1407439	-0.1675841	-0.0311407	0.0219818
121.6250000	-2873.0000000	0.0005400	0.0005400	0.0005400	0.0005246	-0.0005400	-0.0005400	-0.0005400	-0.0005215	0.1888723	0.2150169	-0.3216676	-0.3802121	-0.1912398	-0.2195090	0.3212045	0.3831687
123.2600000	3072.0000000	0.0005400	0.0005400	0.0005400	0.0005113	-0.0005400	-0.0005400	-0.0005400	-0.0005092	0.1908576	0.2375618	0.3957864	0.3059644	-0.1928817	-0.2428641	-0.4010698	-0.3034977
124.4950000	122.7399979	0.0005400	0.0005400	0.0005400	0.0005400	-0.0005400	-0.0005400	-0.0005400	-0.0005400	0.1495793	0.1770244	0.0315614	-0.0221759	-0.1517580	-0.1809083	-0.0333724	0.0241977
125.8350000	-2873.0000000	0.0005400	0.0005400	0.0005400	0.0004936	-0.0005400	-0.0005400	-0.0005400	-0.0004908	0.2015356	0.2299825	-0.3214442	-0.3618903	-0.2039650	-0.2349229	0.3209141	0.3649961
127.5150000	3073.0000000	0.0005372	0.0005400	0.0005346	0.0004812	-0.0005330	-0.0005400	-0.0005296	-0.0004792	0.2024858	0.2530200	0.3960331	0.2877657	-0.2029760	-0.2588798	-0.3977786	-0.2852329
128.7700000	122.6500015	0.0005400	0.0005400	0.0005400	0.0005400	-0.0005400	-0.0005400	-0.0005400	-0.0005400	0.1614144	0.1910568	0.0337790	-0.0243248	-0.1636478	-0.1953303	-0.0358145	0.0266444
130.0700000	-2873.0000000	0.0005189	0.0005341	0.0005156	0.0004652	-0.0005157	-0.0005298	-0.0005121	-0.0004626	0.2059259	0.2423803	-0.3064621	-0.3451077	-0.2071484	-0.2456322	0.3036461	0.3483659
131.6700000	3074.0000000	0.0005070	0.0005215	0.0005046	0.0004538	-0.0005031	-0.0005182	-0.0004998	-0.0004521	0.2034240	0.2591112	0.3781467	0.2713111	-0.2039200	-0.2635516	-0.3801799	-0.2687945
132.9400000	122.7300034	0.0005400	0.0005400	0.0005400	0.0005400	-0.0005400	-0.0005400	-0.0005400	-0.0005400	0.1737772	0.2057150	0.0361300	-0.0265529	-0.1759895	-0.2102969	-0.0383915	0.0291968
134.2050000	-2874.0000000	0.0004900	0.0005043	0.0004870	0.0004390	-0.0004870	-0.0005001	-0.0004835	-0.0004366	0.2066273	0.2436561	-0.2892184	-0.3296825	-0.2078896	-0.2470678	0.2864200	0.3331364
135.7950000	3073.0000000	0.0004792	0.0004928	0.0004770	0.0004287	-0.0004756	-0.0004897	-0.0004723	-0.0004270	0.2042529	0.2596135	0.3617539	0.2562158	-0.2047499	-0.2642044	-0.3639552	-0.2535662
137.2200000	122.7399979	0.0005400	0.0005400	0.0005400	0.0005400	-0.0005400	-0.0005400	-0.0005400	-0.0005372	0.1869040	0.2213050	0.0386356	-0.0289375	-0.1891706	-0.2263583	-0.0412096	0.0317758
138.6600000	-2873.0000000	0.0004616	0.0004749	0.0004588	0.0004132	-0.0004587	-0.0004711	-0.0004554	-0.0004110	0.2072716	0.2448767	-0.2723293	-0.3145992	-0.2085883	-0.2484632	0.2694758	0.3181532
140.3850000	3074.0000000	0.0004506	0.0004633	0.0004486	0.0004030	-0.0004473	-0.0004606	-0.0004442	-0.0004015	0.2050690	0.2600961	0.3450112	0.2407976	-0.2055674	-0.2648722	-0.3475286	-0.2381231
141.7550000	122.7500000	0.0005400	0.0005400	0.0005400	0.0005018	-0.0005400	-0.0005400	-0.0005400	-0.0004988	0.2015026	0.2386483	0.0414445	-0.0293957	-0.2038644	-0.2443234	-0.0444203	0.0323144
143.1850000	-2874.0000000	0.0004345	0.0004471	0.0004320	0.0003888	-0.0004319	-0.0004435	-0.0004288	-0.0003868	0.2078388	0.2459991	-0.2563772	-0.3003540	-0.2092239	-0.2497859	0.2535051	0.3042182
144.7850000	3074.0000000	0.0004252	0.0004370	0.0004233	0.0003800	-0.0004220	-0.0004344	-0.0004190	-0.0003786	0.2057648	0.2605018	0.3300995	0.2270259	-0.2062683	-0.2654852	-0.3329079	-0.2243429
146.0900000	122.6500015	0.0005238	0.0005392	0.0005220	0.0004680	-0.0005201	-0.0005350	-0.0005170	-0.0004654	0.2094828	0.2554588	0.0427407	-0.0298353	-0.2104408	-0.2597286	-0.0455358	0.0328690
147.4200000	-2873.0000000	0.0004112	0.0004231	0.0004089	0.0003678	-0.0004088	-0.0004197	-0.0004058	-0.0003659	0.2082853	0.2469321	-0.2426720	-0.2881191	-0.2097458	-0.2509342	0.2396885	0.2921912
149.0000000	3073.0000000	0.0004026	0.0004137	0.0004008	0.0003596	-0.0003995	-0.0004112	-0.0003967	-0.0003583	0.2063624	0.2608480	0.3169543	0.2148458	-0.2068539	-0.2660508	-0.3200260	-0.2121069
150.3300000	122.6800003	0.0004904	0.0005047	0.0004888	0.0004381	-0.0004871	-0.0005009	-0.0004841	-0.0004357	0.2096604	0.2557642	0.0426352	-0.0302291	-0.2106423	-0.2602348	-0.0455902	0.0333983
151.6000000	-2874.0000000	0.0003895	0.0004008	0.0003875	0.0003483	-0.0003873	-0.0003976	-0.0003844	-0.0003466	0.2086704	0.2477711	-0.2299854	-0.2768044	-0.2101909	-0.2520021	0.2269080	0.2811800
153.2500000	3074.0000000	0.0003812	0.0003918	0.0003797	0.0003405	-0.0003785	-0.0003896	-0.0003759	-0.0003394	0.2068935	0.2611443	0.3046731	0.2034726	-0.2073559	-0.2666016	-0.3080916	-0.2006900
154.6550000	122.7200012	0.0004592	0.0004725	0.0004577	0.0004100	-0.0004561	-0.0004690	-0.0004533	-0.0004080	0.2098387	0.2560566	0.0425403	-0.0306122	-0.2108351	-0.2607527	-0.0456601	0.0339249
155.9350000	-2874.0000000	0.0003691	0.0003797	0.0003673	0.0003300	-0.0003670	-0.0003768	-0.0003643	-0.0003284	0.2090145	0.2485308	-0.2180516	-0.2661673	-0.2105989	-0.2530045	0.2149086	0.2708525
157.5300000	3073.0000000	0.0003618	0.0003718	0.0003605	0.0003231	-0.0003593	-0.0003698	-0.0003567	-0.0003220	0.2073637	0.2614051	0.2934568	0.1931121	-0.2078056	-0.2671076	-0.2971815	-0.1902947
158.8200000	122.6600037	0.0004322	0.0004448	0.0004310	0.0003860	-0.0004294	-0.0004416	-0.0004268	-0.0003841	0.2100014	0.2563194	0.0424382	-0.0309504	-0.2110083	-0.2612097	-0.0456884	0.0343897
160.1350000	-2874.0000000	0.0003510	0.0003611	0.0003494	0.0003137	-0.0003490	-0.0003583	-0.0003465	-0.0003122	0.2093227	0.2491922	-0.2074833	-0.2567461	-0.2109399	-0.2538612	0.2042892	0.2616707
161.8100000	3073.0000000	0.0003437	0.0003532	0.0003426	0.0003069	-0.0003415	-0.0003514	-0.0003391	-0.0003060	0.2078084	0.2616587	0.2830478	0.1835086	-0.2081888	-0.2675977	-0.2870863	-0.1805831
163.2450000	122.6100006	0.0004061	0.0004179	0.0004050	0.0003627	-0.0004036	-0.0004151	-0.0004012	-0.0003611	0.2101895	0.2565981	0.0423532	-0.0312945	-0.2111623	-0.2617221	-0.0457671	0.0348955
164.5250000	-2873.0000000	0.0003333	0.0003429	0.0003319	0.0002978	-0.0003315	-0.0003404	-0.0003292	-0.0002966	0.2096225	0.2498278	-0.1971653	-0.2475802	-0.2112320	-0.2547646	0.1939593	0.2528977
166.1150000	3074.0000000	0.0003271	0.0003362	0.0003261	0.0002920	-0.0003250	-0.0003345	-0.0003227	-0.0002912	0.2082195	0.2618947	0.2734414	0.1746260	-0.2084977	-0.2680613	-0.2777750	-0.1716798
167.5150000	122.5699997	0.0003833	0.0003945	0.0003824	0.0003423	-0.0003811	-0.0003919	-0.0003787	-0.0003408	0.2103611	0.2568602	0.0422790	-0.0316165	-0.2112827	-0.2621889	-0.0458329	0.0353098
168.9400000	-2873.0000000	0.0003169	0.0003261	0.0003156	0.0002831	-0.0003152	-0.0003237	-0.0003131	-0.0002820	0.2098758	0.2503983	-0.1875710	-0.2390520	-0.2114820	-0.2555685	0.1843080	0.2446597
170.5000000	3073.0000000	0.0003110	0.0003196	0.0003101	0.0002776	-0.0003090	-0.0003181	-0.0003069	-0.0002769	0.2085851	0.2620907	0.2641128	0.1660182	-0.2087772	-0.2685776	-0.2688124	-0.1630325
171.7950000	122.8799973	0.0003619	0.0003724	0.0003610	0.0003230	-0.0003595	-0.0003698	-0.0003573	-0.0003215	0.2104914	0.2570836	0.0422402	-0.0318642	-0.2113850	-0.2627130	-0.0459775	0.0357537
173.2400000	-2872.0000000	0.0003016	0.0003103	0.0003005	0.0002694	-0.0003000	-0.0003081	-0.0002980	-0.0002683	0.2100526	0.2508588	-0.1786250	-0.2310256	-0.2116996	-0.2563682	0.1752556	0.2370149
174.8400000	3073.0000000	0.0002960	0.0003043	0.0002953	0.0002642	-0.0002941	-0.0003028	-0.0002922	-0.0002635	0.2088784	0.2622245	0.2553900	0.1580045	-0.2090017	-0.2691121	-0.2604295	-0.1548556
176.2600000	122.6600037	0.0003407	0.0003506	0.0003401	0.0003042	-0.0003387	-0.0003485	-0.0003368	-0.0003030	0.2105883	0.2572545	0.0421442	-0.0321285	-0.2114681	-0.2632562	-0.0460691	0.0362872
177.5550000	-2872.0000000	0.0002873	0.0002957	0.0002864	0.0002566	-0.0002858	-0.0002936	-0.0002840	-0.0002556	0.2101872	0.2512510	-0.1702422	-0.2234805	-0.2118745	-0.2571116	0.1667428	0.2298180
179.2800000	3073.0000000	0.0002815	0.0002894	0.0002810	0.0002513	-0.0002798	-0.0002882	-0.0002781	-0.0002507	0.2091491	0.2623307	0.2469086	0.1502424	-0.2091731	-0.2696545	-0.2523963	-0.1469830
180.5850000	122.5100021	0.0003221	0.0003316	0.0003217	0.0002877	-0.0003203	-0.0003296	-0.0003186	-0.0002865	0.2106619	0.2573779	0.0420430	-0.0323429	-0.2115089	-0.2637689	-0.0461874	0.0367703
181.9250000	-2873.0000000	0.0002736	0.0002817	0.0002730	0.0002445	-0.0002723	-0.0002798	-0.0002707	-0.0002436	0.2102662	0.2515551	-0.1622086	-0.2162105	-0.2119917	-0.2578062	0.1586274	0.2230288
183.6350000	3073.0000000	0.0002683	0.0002759	0.0002679	0.0002395	-0.0002667	-0.0002748	-0.0002652	-0.0002391	0.2093651	0.2623752	0.2390772	0.1430963	-0.2092775	-0.2701863	-0.2450349	-0.1397036
184.9150000	122.6800003	0.0003047	0.0003137	0.0003045	0.0002721	-0.0003030	-0.0003120	-0.0003016	-0.0002712	0.2106969	0.2574510	0.0419716	-0.0325082	-0.2115079	-0.2642863	-0.0463684	0.0372302
186.2250000	-2872.0000000	0.0002611	0.0002688	0.0002606	0.0002333	-0.0002598	-0.0002672	-0.0002585	-0.0002325	0.2102846	0.2517672	-0.1547192	-0.2094090	-0.2120533	-0.2584299	0.1510478	0.2167201
187.9450000	3073.0000000	0.0002562	0.0002634	0.0002559	0.0002287	-0.0002546	-0.0002625	-0.0002533	-0.0002283	0.2095331	0.2623824	0.2317239	0.1364295	-0.2093214	-0.2706943	-0.2381656	-0.1328989
189.2350000	122.6699982	0.0002889	0.0002975	0.0002888	0.0002580	-0.0002872	-0.0002959	-0.0002860	-0.0002572	0.2106969	0.2574762	0.0418646	-0.0326487	-0.2114595	-0.2647517	-0.0465355	0.0376467
190.6300000	-2872.0000000	0.0002490	0.0002564	0.0002487	0.0002225	-0.0002478	-0.0002550	-0.0002467	-0.0002219	0.2102603	0.2519106	-0.1474236	-0.2027561	-0.2120628	-0.2589742	0.1436902	0.2105768
192.2100000	3073.0000000	0.0002448	0.0002518	0.0002447	0.0002185	-0.0002433	-0.0002510	-0.0002422	-0.0002183	0.2096611	0.2623426	0.2247091	0.1301365	-0.2093245	-0.2711681	-0.2316544	-0.1265229
193.5250000	122.7699966	0.0002742	0.0002824	0.0002743	0.0002449	-0.0002726	-0.0002811	-0.0002717	-0.0002443	0.2106627	0.2574474	0.0417472	-0.0327481	-0.2113776	-0.2651586	-0.0466833	0.0379941
194.9450000	-2872.0000000	0.0002380	0.0002451	0.0002379	0.0002127	-0.0002369	-0.0002440	-0.0002361	-0.0002123	0.2101840	0.2519666	-0.1406277	-0.1965289	-0.2120224	-0.2593956	0.1368670	0.2047852
196.5350000	3073.0000000	0.0002341	0.0002408	0.0002341	0.0002090	-0.0002326	-0.0002403	-0.0002318	-0.0002090	0.2097533	0.2622690	0.2179086	0.1241165	-0.2092859	-0.2715900	-0.2253303	-0.1204535
197.8550000	122.7300034	0.0002606	0.0002684	0.0002608	0.0002327	-0.0002590	-0.0002673	-0.0002583	-0.0002323	0.2105922	0.2573696	0.0415776	-0.0328384	-0.2112586	-0.2654898	-0.0467371	0.0382769
199.3750000	-2872.0000000	0.0002276	0.0002345	0.0002276	0.0002034	-0.0002264	-0.0002334	-0.0002258	-0.0002030	0.2100547	0.2519553	-0.1340572	-0.1904811	-0.2119197	-0.2596775	0.1302414	0.1989324
201.3000000	3073.0000000	0.0002232	0.0002297	0.0002235	0.0001994	-0.0002219	-0.0002295	-0.0002213	-0.0001994	0.2097979	0.2621630	0.2108327	0.1179279	-0.2092092	-0.2719633	-0.2185553	-0.1141769
202.7000000	122.8700027	0.0002464	0.0002538	0.0002468	0.0002202	-0.0002450	-0.0002532	-0.0002446	-0.0002200	0.2104576	0.2572411	0.0413942	-0.0328660	-0.2110772	-0.2657393	-0.0466900	0.0384513
204.2500000	-2872.0000000	0.0002168	0.0002234	0.0002171	0.0001938	-0.0002158	-0.0002228	-0.0002154	-0.0001938	0.2098480	0.2518744	-0.1270518	-0.1840609	-0.2117492	-0.2597857	0.1234565	0.1927097
206.0000000	3073.0000000	0.0002131	0.0002193	0.0002134	0.0001903	-0.0002117	-0.0002194	-0.0002114	-0.0001906	0.2097753	0.2620231	0.2038450	0.1119188	-0.2091239	-0.2722305	-0.2117953	-0.1082930
207.5000000	122.6699982	0.0002336	0.0002408	0.0002343	0.0002089	-0.0002324	-0.0002405	-0.0002322	-0.0002090	0.2102633	0.2570678	0.0411541	-0.0328946	-0.2108782	-0.2657884	-0.0464149	0.0384403
209.0000000	-2872.0000000	0.0002070	0.0002134	0.0002075	0.0001851	-0.0002060	-0.0002132	-0.0002060	-0.0001854	0.2095914	0.2517125	-0.1204534	-0.1779701	-0.2115531	-0.2596104	0.1172358	0.1865454
210.8000000	3073.0000000	0.0002035	0.0002095	0.0002041	0.0001818	-0.0002023	-0.0002101	-0.0002023	-0.0001825	0.2096935	0.2618575	0.1970237	0.1062011	-0.2090573	-0.2723020	-0.2049122	-0.1027931
212.3000000	122.6800003	0.0002220	0.0002288	0.0002228	0.0001985	-0.0002208	-0.0002291	-0.0002209	-0.0001990	0.2100516	0.2568777	0.0408828	-0.0328644	-0.2106830	-0.2656680	-0.0458909	0.0381752
213.8000000	-2872.0000000	0.0001979	0.0002041	0.0001986	0.0001771	-0.0001970	-0.0002044	-0.0001973	-0.0001777	0.2093572	0.2515609	-0.1141207	-0.1721095	-0.2113183	-0.2592460	0.1114162	0.1802632
215.5500000	3073.0000000	0.0001947	0.0002005	0.0001954	0.0001741	-0.0001935	-0.0002017	-0.0001938	-0.0001751	0.2096114	0.2617101	0.1903986	0.1007526	-0.2090620	-0.2723066	-0.1978323	-0.0976930
217.1000000	122.6800003	0.0002113	0.0002179	0.0002122	0.0001891	-0.0002102	-0.0002188	-0.0002106	-0.0001900	0.2098523	0.2567023	0.0405854	-0.0327976	-0.2105137	-0.2653710	-0.0450747	0.0376816
218.5500000	-2872.0000000	0.0001896	0.0001956	0.0001903	0.0001697	-0.0001887	-0.0001962	-0.0001892	-0.0001705	0.2091568	0.2514228	-0.1079853	-0.1664213	-0.2110857	-0.2584933	0.1059004	0.1737956
220.4000000	3073.0000000	0.0001866	0.0001922	0.0001875	0.0001669	-0.0001855	-0.0001938	-0.0001861	-0.0001682	0.2094971	0.2615589	0.1839038	0.0954693	-0.2090863	-0.2716574	-0.1905190	-0.0926658
221.9000000	122.6600037	0.0002015	0.0002079	0.0002026	0.0001805	-0.0002006	-0.0002091	-0.0002012	-0.0001815	0.2096311	0.2565714	0.0403739	-0.0328265	-0.2103457	-0.2645355	-0.0441253	0.0371290
223.4000000	-2873.0000000	0.0001818	0.0001877	0.0001828	0.0001630	-0.0001812	-0.0001888	-0.0001818	-0.0001640	0.2089881	0.2513632	-0.1017825	-0.1609721	-0.2108447	-0.2576904	0.1003292	0.1672935
225.2000000	3073.0000000	0.0001792	0.0001846	0.0001801	0.0001604	-0.0001781	-0.0001865	-0.0001789	-0.0001618	0.2093409	0.2613964	0.1773711	0.0900787	-0.2091351	-0.2710600	-0.1829890	-0.0875994
226.6500000	122.6699982	0.0001927	0.0001988	0.0001939	0.0001727	-0.0001917	-0.0002004	-0.0001926	-0.0001739	0.2094666	0.2563469	0.0399595	-0.0327047	-0.2101849	-0.2638410	-0.0432100	0.0363869
228.2500000	-2872.0000000	0.0001748	0.0001806	0.0001759	0.0001569	-0.0001742	-0.0001820	-0.0001751	-0.0001581	0.2088735	0.2511962	-0.0957209	-0.1550639	-0.2105730	-0.2569109	0.0943970	0.1603279
230.0000000	3073.0000000	0.0001724	0.0001777	0.0001736	0.0001546	-0.0001715	-0.0001801	-0.0001724	-0.0001563	0.2093455	0.2610641	0.1704359	0.0846491	-0.2092275	-0.2704048	-0.1752034	-0.0825825
231.6000000	122.7099991	0.0001847	0.0001907	0.0001862	0.0001658	-0.0001840	-0.0001928	-0.0001850	-0.0001674	0.2093771	0.2560661	0.0393964	-0.0325835	-0.2100668	-0.2631764	-0.0424588	0.0355112
233.1000000	-2872.0000000	0.0001686	0.0001745	0.0001701	0.0001517	-0.0001683	-0.0001760	-0.0001692	-0.0001530	0.2088278	0.2511650	-0.0895370	-0.1490520	-0.2103855	-0.2563611	0.0878250	0.1531027
234.9000000	3072.0000000	0.0001668	0.0001719	0.0001682	0.0001497	-0.0001660	-0.0001746	-0.0001669	-0.0001515	0.2094600	0.2608083	0.1632081	0.0786512	-0.2094082	-0.2698377	-0.1672996	-0.0769932
236.4000000	122.6699982	0.0001782	0.0001841	0.0001799	0.0001603	-0.0001776	-0.0001863	-0.0001786	-0.0001619	0.2093836	0.2559646	0.0388963	-0.0326944	-0.2100862	-0.2627663	-0.0419855	0.0349178
237.9000000	-2872.0000000	0.0001637	0.0001696	0.0001655	0.0001476	-0.0001637	-0.0001713	-0.0001645	-0.0001491	0.2087997	0.2513897	-0.0826124	-0.1426079	-0.2103872	-0.2562208	0.0802690	0.1455662
239.7000000	3073.0000000	0.0001627	0.0001677	0.0001643	0.0001463	-0.0001620	-0.0001706	-0.0001629	-0.0001482	0.2095821	0.2602663	0.1549487	0.0716944	-0.2096473	-0.2691756	-0.1584976	-0.0700537
241.2000000	122.8099976	0.0001737	0.0001795	0.0001758	0.0001566	-0.0001735	-0.0001819	-0.0001742	-0.0001582	0.2092950	0.2557259	0.0383862	-0.0329007	-0.2100968	-0.2622443	-0.0416121	0.0345709
242.7500000	-2872.0000000	0.0001609	0.0001668	0.0001631	0.0001455	-0.0001614	-0.0001685	-0.0001618	-0.0001469	0.2086049	0.2517662	-0.0740877	-0.1349921	-0.2104314	-0.2560193	0.0708449	0.1364398
244.5500000	3073.0000000	0.0001611	0.0001658	0.0001631	0.0001452	-0.0001606	-0.0001690	-0.0001613	-0.0001470	0.2094784	0.2592680	0.1449883	0.0625416	-0.2094587	-0.2679883	-0.1476922	-0.0606975
246.0000000	122.5800018	0.0001723	0.0001779	0.0001750	0.0001558	-0.0001726	-0.0001805	-0.0001730	-0.0001574	0.2088314	0.2553085	0.0382424	-0.0336999	-0.2098821	-0.2611806	-0.0413265	0.0344175
247.5500000	-2872.0000000	0.0001613	0.0001672	0.0001643	0.0001465	-0.0001627	-0.0001690	-0.0001625	-0.0001478	0.2079647	0.2522521	-0.0624322	-0.1256251	-0.2102565	-0.2553040	0.0583021	0.1243830
249.3500000	3072.0000000	0.0001635	0.0001676	0.0001661	0.0001477	-0.0001634	-0.0001715	-0.0001637	-0.0001496	0.2086587	0.2573559	0.1323646	0.0501497	-0.2088424	-0.2654511	-0.1331728	-0.0477245
250.8500000	122.5800018	0.0001758	0.0001810	0.0001795	0.0001596	-0.0001771	-0.0001842	-0.0001768	-0.0001612	0.2074412	0.2542011	0.0387143	-0.0351311	-0.2090456	-0.2586726	-0.0408600	0.0340745
252.4000000	-2872.0000000	0.0001668	0.0001727	0.0001713	0.0001524	-0.0001699	-0.0001750	-0.0001688	-0.0001537	0.2062054	0.2522150	-0.0460270	-0.1135662	-0.2092531	-0.2530721	0.0415854	0.1076863
254.1500000	3073.0000000	0.0001721	0.0001755	0.0001761	0.0001561	-0.0001729	-0.0001807	-0.0001727	-0.0001582	0.2061632	0.2536803	0.1161225	0.0334611	-0.2070836	-0.2604088	-0.1135366	-0.0307776
255.6500000	122.6200027	0.0001866	0.0001913	0.0001924	0.0001704	-0.0001898	-0.0001959	-0.0001885	-0.0001722	0.2040870	0.2513267	0.0398670	-0.0371695	-0.2067402	-0.2535420	-0.0396601	0.0331770
257.1500000	-2872.0000000	0.0001800	0.0001860	0.0001871	0.0001658	-0.0001858	-0.0001894	-0.0001834	-0.0001671	0.2021737	0.2500199	-0.0247148	-0.0983999	-0.2063089	-0.2480340	0.0215646	0.0864230
259.0500000	3073.0000000	0.0001900	0.0001924	0.0001968	0.0001732	-0.0001924	-0.0002001	-0.0001914	-0.0001757	0.2004979	0.2468280	0.0961110	0.0129367	-0.2030821	-0.2515065	-0.0889386	-0.0112118
260.5500000	122.7200012	0.0002077	0.0002118	0.0002173	0.0001911	-0.0002139	-0.0002193	-0.0002113	-0.0001932	0.1973377	0.2447382	0.0413113	-0.0391815	-0.2016164	-0.2444557	-0.0371722	0.0313385
262.0500000	-2872.0000000	0.0002036	0.0002097	0.0002154	0.0001894	-0.0002136	-0.0002160	-0.0002096	-0.0001910	0.1945606	0.2431896	-0.0006591	-0.0805133	-0.1998952	-0.2388644	0.0008577	0.0625469
263.8500000	3073.0000000	0.0002181	0.0002193	0.0002297	0.0002001	-0.0002232	-0.0002339	-0.0002216	-0.0002052	0.1909646	0.2360628	0.0755262	-0.0071613	-0.1960330	-0.2399800	-0.0635347	0.0066686
265.4000000	122.6699982	0.0002396	0.0002435	0.0002557	0.0002225	-0.0002503	-0.0002576	-0.0002465	-0.0002265	0.1867892	0.2332603	0.0422802	-0.0400023	-0.1930201	-0.2322358	-0.0335350	0.0286775
266.9000000	-2872.0000000	0.0002381	0.0002446	0.0002574	0.0002236	-0.0002535	-0.0002552	-0.0002480	-0.0002254	0.1832315	0.2305246	0.0210960	-0.0624648	-0.1897307	-0.2257942	-0.0157903	0.0412690
268.7000000	3072.0000000	0.0002576	0.0002585	0.0002778	0.0002387	-0.0002673	-0.0002762	-0.0002648	-0.0002423	0.1775648	0.2209308	0.0563127	-0.0238309	-0.1857085	-0.2216530	-0.0409805	0.0203977
270.2000000	122.6800003	0.0002831	0.0002874	0.0003097	0.0002658	-0.0003000	-0.0003057	-0.0002950	-0.0002683	0.1729823	0.2170937	0.0423314	-0.0390374	-0.1812804	-0.2149587	-0.0293670	0.0259261
271.6500000	-2872.0000000	0.0002836	0.0002914	0.0003146	0.0002696	-0.0003064	-0.0003082	-0.0002996	-0.0002711	0.1692827	0.2131879	0.0376910	-0.0460940	-0.1766991	-0.2097747	-0.0271126	0.0247466
273.5000000	3074.0000000	0.0003077	0.0003092	0.0003413	0.0002889	-0.0003241	-0.0003342	-0.0003212	-0.0002924	0.1623155	0.2033982	0.0409282	-0.0347165	-0.1732510	-0.2030166	-0.0237310	0.0290986
275.0000000	122.5800018	0.0003375	0.0003436	0.0003794	0.0003210	-0.0003623	-0.0003688	-0.0003567	-0.0003227	0.1579452	0.1987658	0.0414187	-0.0364725	-0.1679940	-0.1972622	-0.0254581	0.0234118
276.5000000	-2871.0000000	0.0003402	0.0003506	0.0003877	0.0003276	-0.0003718	-0.0003741	-0.0003642	-0.0003279	0.1545189	0.1941820	0.0482842	-0.0326517	-0.1627713	-0.1928837	-0.0334973	0.0135881
278.2500000	3073.0000000	0.0003687	0.0003727	0.0004211	0.0003516	-0.0003938	-0.0004052	-0.0003908	-0.0003538	0.1473332	0.1857278	0.0295374	-0.0401800	-0.1602241	-0.1847635	-0.0119305	0.0338181
279.7500000	122.5699997	0.0004032	0.0004127	0.0004661	0.0003892	-0.0004378	-0.0004454	-0.0004320	-0.0003889	0.1434903	0.1807493	0.0397289	-0.0329614	-0.1546561	-0.1801191	-0.0222203	0.0214244
281.3000000	-2871.0000000	0.0004085	0.0004229	0.0004780	0.0003988	-0.0004502	-0.0004532	-0.0004423	-0.0003968	0.1407259	0.1760918	0.0538532	-0.0223713	-0.1494329	-0.1767579	-0.0364417	0.0067211
283.0500000	3073.0000000	0.0004429	0.0004508	0.0005195	0.0004285	-0.0004771	-0.0004898	-0.0004741	-0.0004276	0.1337923	0.1694126	0.0214156	-0.0419051	-0.1477066	-0.1682719	-0.0044957	0.0357162
284.5500000	122.7600021	0.0004830	0.0004974	0.0005401	0.0004725	-0.0005274	-0.0005361	-0.0005219	-0.0004684	0.1308055	0.1645540	0.0346852	-0.0292258	-0.1422549	-0.1646694	-0.0197353	0.0198958
286.1000000	-2871.0000000	0.0004910	0.0005119	0.0005401	0.0004860	-0.0005401	-0.0005401	-0.0005353	-0.0004793	0.1284499	0.1602738	0.0504366	-0.0147193	-0.1360045	-0.1596594	-0.0372953	0.0027292
287.9000000	3073.0000000	0.0005308	0.0005401	0.0005401	0.0005225	-0.0005401	-0.0005401	-0.0005401	-0.0005158	0.1219415	0.1528675	0.0113211	-0.0415132	-0.1267849	-0.1405061	-0.0002427	0.0363515
289.3500000	122.6699982	0.0005401	0.0005401	0.0005401	0.0005401	-0.0005401	-0.0005401	-0.0005401	-0.0005401	0.1110521	0.1338847	0.0245337	-0.0235742	-0.1106454	-0.1263686	-0.0158534	0.0179197
290.8000000	-2871.0000000	0.0005401	0.0005401	0.0005401	0.0005401	-0.0005401	-0.0005401	-0.0005401	-0.0005401	0.1071955	0.1263920	0.0390902	-0.0073543	-0.1037480	-0.1220231	-0.0315369	0.0006520
292.7000000	3073.0000000	0.0005401	0.0005401	0.0005401	0.0005401	-0.0005401	-0.0005401	-0.0005401	-0.0005401	0.0944470	0.1149866	0.0048148	-0.0331379	-0.0969081	-0.1080999	0.0012017	0.0311966
294.1500000	122.6100006	0.0005401	0.0005401	0.0005401	0.0005401	-0.0005401	-0.0005401	-0.0005401	-0.0005401	0.0853694	0.1014408	0.0171426	-0.0162455	-0.0852667	-0.0977874	-0.0126674	0.0141278
295.7000000	-2871.0000000	0.0005401	0.0005401	0.0005401	0.0005401	-0.0005401	-0.0005401	-0.0005401	-0.0005401	0.0822357	0.0957412	0.0296383	-0.0021819	-0.0801005	-0.0943067	-0.0259100	-0.0003907
297.4500000	3073.0000000	0.0005401	0.0005401	0.0005401	0.0005401	-0.0005401	-0.0005401	-0.0005401	-0.0005401	0.0732930	0.0877790	0.0013845	-0.0255216	-0.0747774	-0.0840004	0.0014211	0.0248317
298.9500000	122.8000031	0.0005401	0.0005401	0.0005401	0.0005401	-0.0005401	-0.0005401	-0.0005401	-0.0005401	0.0667819	0.0783091	0.0121905	-0.0117188	-0.0664466	-0.0764038	-0.0101389	0.0107592
300.4500000	-2872.0000000	0.0005401	0.0005401	0.0005401	0.0005401	-0.0005401	-0.0005401	-0.0005401	-0.0005401	0.0641062	0.0739677	0.0225968	-0.0001393	-0.0625780	-0.0735227	-0.0209086	-0.0010676
302.2000000	3073.0000000	0.0005401	0.0005401	0.0005401	0.0005401	-0.0005401	-0.0005401	-0.0005401	-0.0005401	0.0576209	0.0680598	-0.0001675	-0.0199862	-0.0583757	-0.0659726	0.0012993	0.0194053
303.7000000	122.7600021	0.0005401	0.0005401	0.0005401	0.0005401	-0.0005401	-0.0005401	-0.0005401	-0.0005401	0.0524687	0.0610431	0.0089111	-0.0088901	-0.0522164	-0.0600974	-0.0080726	0.0081246
305.2500000	-2871.0000000	0.0005401	0.0005401	0.0005401	0.0005401	-0.0005401	-0.0005401	-0.0005401	-0.0005401	0.0503930	0.0579424	0.0174558	0.0004294	-0.0494176	-0.0578503	-0.0167406	-0.0013297
307.0500000	3073.0000000	0.0005401	0.0005401	0.0005401	0.0005401	-0.0005401	-0.0005401	-0.0005401	-0.0005401	0.0456730	0.0534225	-0.0007392	-0.0158531	-0.0459849	-0.0522016	0.0010808	0.0151798
308.5500000	122.5500031	0.0005401	0.0005401	0.0005401	0.0005401	-0.0005401	-0.0005401	-0.0005401	-0.0005401	0.0416403	0.0482353	0.0067311	-0.0069793	-0.0414723	-0.0477589	-0.0064807	0.0062475
310.0000000	-2871.0000000	0.0005401	0.0005401	0.0005401	0.0005401	-0.0005401	-0.0005401	-0.0005401	-0.0005401	0.0399542	0.0458943	0.0136625	0.0005265	-0.0393399	-0.0458724	-0.0134199	-0.0012854
311.8000000	3073.0000000	0.0005401	0.0005401	0.0005401	0.0005401	-0.0005401	-0.0005401	-0.0005401	-0.0005401	0.0364307	0.0423815	-0.0008979	-0.0126891	-0.0366146	-0.0416996	0.0008430	0.0120076
313.3000000	122.5800018	0.0005401	0.0005401	0.0005401	0.0005401	-0.0005401	-0.0005401	-0.0005401	-0.0005401	0.0332737	0.0384501	0.0051888	-0.0055612	-0.0331928	-0.0382232	-0.0052380	0.0049017
314.8000000	-2872.0000000	0.0005401	0.0005401	0.0005401	0.0005401	-0.0005401	-0.0005401	-0.0005401	-0.0005401	0.0319064	0.0366788	0.0108042	0.0004930	-0.0316099	-0.0367777	-0.0108279	-0.0011178
316.6000000	3073.0000000	0.0005401	0.0005401	0.0005401	0.0005401	-0.0005401	-0.0005401	-0.0005401	-0.0005401	0.0292340	0.0338707	-0.0008852	-0.0102001	-0.0293844	-0.0335365	0.0006275	0.0095725
318.1000000	122.6200027	0.0005401	0.0005401	0.0005401	0.0005401	-0.0005401	-0.0005401	-0.0005401	-0.0005401	0.0267619	0.0308887	0.0040518	-0.0044772	-0.0268005	-0.0308528	-0.0042663	0.0038992
319.6000000	-2872.0000000	0.0005401	0.0005401	0.0005401	0.0005401	-0.0005401	-0.0005401	-0.0005401	-0.0005401	0.0256498	0.0294942	0.0085903	0.0004163	-0.0255415	-0.0296478	-0.0087558	-0.0009354
321.4000000	3073.0000000	0.0005401	0.0005401	0.0005401	0.0005401	-0.0005401	-0.0005401	-0.0005401	-0.0005401	0.0236166	0.0273031	-0.0008125	-0.0082566	-0.0238137	-0.0272088	0.0004634	0.0076877
322.9000000	122.4000015	0.0005401	0.0005401	0.0005401	0.0005401	-0.0005401	-0.0005401	-0.0005401	-0.0005401	0.0216694	0.0249890	0.0031987	-0.0036316	-0.0218013	-0.0250873	-0.0034964	0.0031301
324.4000000	-2872.0000000	0.0005401	0.0005401	0.0005401	0.0005401	-0.0005401	-0.0005401	-0.0005401	-0.0005401	0.0207588	0.0238843	0.0068771	0.0003301	-0.0208098	-0.0241023	-0.0071259	-0.0007809
326.2000000	3073.0000000	0.0005401	0.0005401	0.0005401	0.0005401	-0.0005401	-0.0005401	-0.0005401	-0.0005401	0.0191775	0.0221255	-0.0007278	-0.0067139	-0.0194168	-0.0222011	0.0003236	0.0061976
327.7000000	122.5500031	0.0005401	0.0005401	0.0005401	0.0005401	-0.0005401	-0.0005401	-0.0005401	-0.0005401	0.0176443	0.0203225	0.0025366	-0.0029673	-0.0178377	-0.0205077	-0.0028839	0.0025150
329.2000000	-2872.0000000	0.0005401	0.0005401	0.0005401	0.0005401	-0.0005401	-0.0005401	-0.0005401	-0.0005401	0.0168979	0.0194558	0.0055315	0.0002431	-0.0170730	-0.0197259	-0.0058281	-0.0006500
331.0000000	3073.0000000	0.0005401	0.0005401	0.0005401	0.0005401	-0.0005401	-0.0005401	-0.0005401	-0.0005401	0.0156488	0.0180257	-0.0006386	-0.0054843	-0.0159301	-0.0182172	0.0002097	0.0050115
332.4500000	122.5400009	0.0005401	0.0005401	0.0005401	0.0005401	-0.0005401	-0.0005401	-0.0005401	-0.0005401	0.0144847	0.0166672	0.0020276	-0.0024466	-0.0147198	-0.0169030	-0.0023979	0.0020353
334.0000000	-2872.0000000	0.0005401	0.0005401	0.0005401	0.0005401	-0.0005401	-0.0005401	-0.0005401	-0.0005401	0.0138497	0.0159473	0.0044712	0.0001772	-0.0140917	-0.0162551	-0.0048030	-0.0005460
335.7500000	3073.0000000	0.0005401	0.0005401	0.0005401	0.0005401	-0.0005401	-0.0005401	-0.0005401	-0.0005401	0.0128677	0.0147950	-0.0005644	-0.0045116	-0.0131772	-0.0150697	0.0001231	0.0040778
337.3000000	122.6399994	0.0005401	0.0005401	0.0005401	0.0005401	-0.0005401	-0.0005401	-0.0005401	-0.0005401	0.0118940	0.0136874	0.0016156	-0.0020414	-0.0122117	-0.0140211	-0.0020189	0.0016470
338.7500000	-2872.0000000	0.0005401	0.0005401	0.0005401	0.0005401	-0.0005401	-0.0005401	-0.0005401	-0.0005401	0.0114010	0.0131339	0.0036271	0.0001140	-0.0117175	-0.0134925	-0.0039829	-0.0004615
340.5000000	3074.0000000	0.0005401	0.0005401	0.0005401	0.0005401	-0.0005401	-0.0005401	-0.0005401	-0.0005401	0.0106207	0.0122029	-0.0004979	-0.0037333	-0.0109683	-0.0125396	0.0000465	0.0033334
342.0500000	122.5500031	0.0005401	0.0005401	0.0005401	0.0005401	-0.0005401	-0.0005401	-0.0005401	-0.0005401	0.0098429	0.0113196	0.0012952	-0.0017067	-0.0101937	-0.0116918	-0.0017046	0.0013411
343.5500000	-2872.0000000	0.0005401	0.0005401	0.0005401	0.0005401	-0.0005401	-0.0005401	-0.0005401	-0.0005401	0.0094386	0.0108728	0.0029518	0.0000654	-0.0097947	-0.0112657	-0.0033244	-0.0003894
345.3500000	3074.0000000	0.0005401	0.0005401	0.0005401	0.0005401	-0.0005401	-0.0005401	-0.0005401	-0.0005401	0.0088077	0.0101137	-0.0004464	-0.0031131	-0.0091886	-0.0105038	-0.0000135	0.0027305
346.8000000	122.7500000	0.0005401	0.0005401	0.0005401	0.0005401	-0.0005401	-0.0005401	-0.0005401	-0.0005401	0.0081708	0.0093978	0.0010330	-0.0014440	-0.0085627	-0.0098126	-0.0014591	0.0010961
348.3000000	-2872.0000000	0.0005401	0.0005401	0.0005401	0.0005401	-0.0005401	-0.0005401	-0.0005401	-0.0005401	0.0078403	0.0090291	0.0023990	0.0000247	-0.0082350	-0.0094599	-0.0027955	-0.0003339
350.1000000	3075.0000000	0.0005401	0.0005401	0.0005401	0.0005401	-0.0005401	-0.0005401	-0.0005401	-0.0005401	0.0073351	0.0084134	-0.0004058	-0.0026030	-0.0077381	-0.0088435	-0.0000640	0.0022458
351.6000000	122.4599991	0.0005401	0.0005401	0.0005401	0.0005401	-0.0005401	-0.0005401	-0.0005401	-0.0005401	0.0068200	0.0078391	0.0008241	-0.0012230	-0.0072317	-0.0082853	-0.0012579	0.0009005
353.1000000	-2872.0000000	0.0005401	0.0005401	0.0005401	0.0005401	-0.0005401	-0.0005401	-0.0005401	-0.0005401	0.0065400	0.0075307	0.0019596	0.0000013	-0.0069678	-0.0079950	-0.0023677	-0.0002788
